34.3	1895	39.4	8.21
34.3	1895	32.9	2.12
34.3	1895	49.9	7.64
34.3	1895	58.7	5.52
34.3	1895	65.3	4.6
34.3	1895	75.5	4.21
34.3	1895	76.2	5
34.3	1895	76.6	8.35
34.3	1895	74.8	1.55
34.3	1895	55.4	1.83
34.3	1895	49.3	1.77
34.3	1895	42.1	3.83
34.3	1896	40.7	3.43
34.3	1896	43.5	5.79
34.3	1896	48.7	4.55
34.3	1896	64.9	3.33
34.3	1896	73.3	3.25
34.3	1896	74.6	2
34.3	1896	78.1	7.94
34.3	1896	79.1	1.57
34.3	1896	72	2.48
34.3	1896	58.3	2.3
34.3	1896	52.8	5.73
34.3	1896	41.9	1.5
34.3	1897	38.8	3.14
34.3	1897	45.7	5.68
34.3	1897	53.6	10.14
34.3	1897	58.5	4.87
34.3	1897	65.4	1.86
34.3	1897	77.3	3.25
34.3	1897	77.9	5.34
34.3	1897	75.5	4.39
34.3	1897	72.1	0.71
34.3	1897	62.9	2.41
34.3	1897	51.1	1.99
34.3	1897	43.8	4.97
34.3	1898	45.8	3.58
34.3	1898	40.5	1.45
34.3	1898	55.4	4.37
34.3	1898	53.9	5.98
34.3	1898	70.5	1.71
34.3	1898	77.5	3.7
34.3	1898	77.4	7.94
34.3	1898	76.3	10.5
34.3	1898	72.1	4.79
34.3	1898	58.6	7.68
34.3	1898	46.2	5.65
34.3	1898	41.1	2.26
34.3	1899	40.1	4.99
34.3	1899	37.4	7.07
34.3	1899	50.9	6.37
34.3	1899	57.1	3.18
34.3	1899	71.8	2.54
34.3	1899	77.8	2
34.3	1899	77.7	3.93
34.3	1899	78.5	3.98
34.3	1899	69.7	1.33
34.3	1899	61.7	3.53
34.3	1899	51.6	2.82
34.3	1899	40.1	4.75
34.3	1900	40.4	2.93
34.3	1900	39.5	8.47
34.3	1900	48.2	4.05
34.3	1900	59.7	6.94
34.3	1900	67.5	2.1
34.3	1900	73.6	9.53
34.3	1900	78	4.27
34.3	1900	79.5	1.95
34.3	1900	74.6	3.71
34.3	1900	64.8	5.43
34.3	1900	51.8	4.61
34.3	1900	42.6	4.41
34.3	1901	42.1	4.69
34.3	1901	38.9	3.02
34.3	1901	49.5	5.37
34.3	1901	52.3	6.61
34.3	1901	67.4	7.37
34.3	1901	75.5	4.25
34.3	1901	79.8	2.77
34.3	1901	75.6	12.54
34.3	1901	69	4.6
34.3	1901	58.9	1.45
34.3	1901	45.1	1.59
34.3	1901	38.9	8.83
34.3	1902	39.9	3.25
34.3	1902	36.9	7.05
34.3	1902	50.4	7.98
34.3	1902	57.3	2.72
34.3	1902	72.4	2.25
34.3	1902	76.4	3.6
34.3	1902	79.8	3.3
34.3	1902	77.8	3.84
34.3	1902	69	3.99
34.3	1902	59.8	4.14
34.3	1902	54.6	3.98
34.3	1902	42.3	5.06
34.3	1903	40.2	2.94
34.3	1903	44.4	9.83
34.3	1903	55.8	6.14
34.3	1903	56.9	5.05
34.3	1903	66.9	5.18
34.3	1903	70.3	5.91
34.3	1903	77.7	3.25
34.3	1903	77.7	5.53
34.3	1903	69.7	3.07
34.3	1903	60	2.88
34.3	1903	47.4	2.32
34.3	1903	37.5	2.26
34.3	1904	37.6	3.17
34.3	1904	40.7	4.1
34.3	1904	53	4.56
34.3	1904	55	2.2
34.3	1904	66.6	2.72
34.3	1904	74.6	2.6
34.3	1904	76.2	3.41
34.3	1904	75.2	7.64
34.3	1904	72.6	1.44
34.3	1904	59.4	0
34.3	1904	48.7	3.16
34.3	1904	42.4	4.26
34.3	1905	36.2	4.34
34.3	1905	34.4	7.69
34.3	1905	55.1	3.01
34.3	1905	60.1	4.37
34.3	1905	70.6	6.45
34.3	1905	76.2	4.3
34.3	1905	77.3	4.25
34.3	1905	76	3.11
34.3	1905	72.6	2.28
34.3	1905	60.1	4.58
34.3	1905	51.1	2.05
34.3	1905	40.2	6.62
34.3	1906	43.9	5.42
34.3	1906	41.6	2.49
34.3	1906	47.4	7.02
34.3	1906	61.9	1.73
34.3	1906	66.3	3.88
34.3	1906	75.5	6.02
34.3	1906	75.4	8.18
34.3	1906	77.7	6.69
34.3	1906	74.5	6.66
34.3	1906	57.7	4.79
34.3	1906	51.2	2.52
34.3	1906	44.9	4.53
34.3	1907	50.1	1.48
34.3	1907	42.5	4.67
34.3	1907	59.7	3.3
34.3	1907	52.6	6.01
34.3	1907	65	5.31
34.3	1907	72.7	4.13
34.3	1907	79	4.34
34.3	1907	77.1	3.64
34.3	1907	71.6	5.88
34.3	1907	58.2	1.45
34.3	1907	47.9	6.5
34.3	1907	42.4	5.54
34.3	1908	40.4	4.57
34.3	1908	38.6	6.3
34.3	1908	58.1	5.93
34.3	1908	63.2	6.46
34.3	1908	68.1	3.46
34.3	1908	74.8	3.09
34.3	1908	77.5	4.63
34.3	1908	76.4	6.98
34.3	1908	70.2	2.06
34.3	1908	58.3	3.2
34.3	1908	53.9	1.43
34.3	1908	46.4	5.34
34.3	1909	45.9	1.92
34.3	1909	47.3	7.42
34.3	1909	50.9	8.23
34.3	1909	59.9	5.63
34.3	1909	65.6	5.71
34.3	1909	75.7	5.43
34.3	1909	76.7	3.98
34.3	1909	77	3.95
34.3	1909	70.7	3.62
34.3	1909	58.6	2.01
34.3	1909	55.9	1.35
34.3	1909	37.6	3.98
34.3	1910	41.5	3.64
34.3	1910	41.6	4.95
34.3	1910	57.1	1.55
34.3	1910	59.3	4.32
34.3	1910	64.9	4.93
34.3	1910	71.7	6.66
34.3	1910	76.5	5.89
34.3	1910	76.3	2.61
34.3	1910	73.6	2.96
34.3	1910	63.1	2.89
34.3	1910	47.5	1.85
34.3	1910	37.8	3.93
34.3	1911	46.3	3.63
34.3	1911	48.1	3.78
34.3	1911	52.4	3.2
34.3	1911	58.6	7.44
34.3	1911	70.1	1.15
34.3	1911	78.5	2.79
34.3	1911	75.8	5.06
34.3	1911	76.6	5.98
34.3	1911	76.5	3.21
34.3	1911	63.9	4.95
34.3	1911	46.1	3.98
34.3	1911	45.7	6.76
34.3	1912	36	5.02
34.3	1912	38.8	4.4
34.3	1912	48.4	8.98
34.3	1912	60.9	8.95
34.3	1912	68.2	4.28
34.3	1912	72	6.01
34.3	1912	76.5	5.77
34.3	1912	75.9	4.99
34.3	1912	73.6	5
34.3	1912	61.4	3.2
34.3	1912	47	2.15
34.3	1912	43.4	5.2
34.3	1913	48.5	5.37
34.3	1913	42.9	4.44
34.3	1913	51.6	8.95
34.3	1913	58.2	2.49
34.3	1913	68.7	3.09
34.3	1913	74.5	5
34.3	1913	79	5.01
34.3	1913	76.9	3.57
34.3	1913	69.5	5
34.3	1913	58.9	3.19
34.3	1913	51.2	1.4
34.3	1913	44	2.98
34.3	1914	44	1.68
34.3	1914	40	4.26
34.3	1914	47.2	3.95
34.3	1914	60.7	4.1
34.3	1914	68.9	0.26
34.3	1914	80.1	3.82
34.3	1914	78.4	4.26
34.3	1914	76.3	6.88
34.3	1914	69.6	3.7
34.3	1914	60.9	5.34
34.3	1914	49.1	5.21
34.3	1914	39.4	6.3
34.3	1915	41	6.16
34.3	1915	44.2	4.71
34.3	1915	43.3	3.02
34.3	1915	61.7	1.02
34.3	1915	70.5	7.34
34.3	1915	74.1	3.93
34.3	1915	77.8	3.62
34.3	1915	76.5	5.61
34.3	1915	72.9	3.32
34.3	1915	62.5	7.06
34.3	1915	52.4	2.53
34.3	1915	41.6	6.19
34.3	1916	48	3.33
34.3	1916	43.2	4.54
34.3	1916	50.3	3.2
34.3	1916	58.4	2.45
34.3	1916	70.8	3.81
34.3	1916	73.8	4.38
34.3	1916	75.7	14.98
34.3	1916	77.4	2.96
34.3	1916	69.6	2.33
34.3	1916	60.8	2.49
34.3	1916	50.7	1.5
34.3	1916	42.2	2.67
34.3	1917	45.6	6.23
34.3	1917	42.8	5.41
34.3	1917	51.6	9.62
34.3	1917	62	4.54
34.3	1917	62	2.7
34.3	1917	74.1	3.11
34.3	1917	76.9	5.52
34.3	1917	75.1	5.47
34.3	1917	68.8	5.59
34.3	1917	54.8	1.89
34.3	1917	48.2	1.66
34.3	1917	34.2	1.11
34.3	1918	32.9	6.72
34.3	1918	47.7	2.37
34.3	1918	56.8	1.52
34.3	1918	57.6	7.05
34.3	1918	70.3	2.27
34.3	1918	75.8	4.44
34.3	1918	74.7	4.13
34.3	1918	77.5	4.12
34.3	1918	66.2	3.63
34.3	1918	64.2	8.01
34.3	1918	49.4	4.69
34.3	1918	47.6	6.37
34.3	1919	43	5.81
34.3	1919	42.7	6.14
34.3	1919	52.9	4.7
34.3	1919	60	3.11
34.3	1919	66.9	5.51
34.3	1919	75.5	6.09
34.3	1919	77.1	7.29
34.3	1919	76	5.99
34.3	1919	71.3	1.14
34.3	1919	69.3	5.27
34.3	1919	53.3	2.38
34.3	1919	42.6	5.52
34.3	1920	42.8	5.68
34.3	1920	41	4.09
34.3	1920	48.8	8.71
34.3	1920	58	8.18
34.3	1920	65.6	3.98
34.3	1920	74.8	3.35
34.3	1920	76.3	5.13
34.3	1920	74.8	10.08
34.3	1920	73	3.49
34.3	1920	61.2	1.25
34.3	1920	48.2	3.66
34.3	1920	42.6	7.79
34.3	1921	45.1	3.77
34.3	1921	46	5.38
34.3	1921	59.6	3.51
34.3	1921	59.7	5.46
34.3	1921	66.7	3.72
34.3	1921	78	3
34.3	1921	78.4	6.22
34.3	1921	76.6	5.35
34.3	1921	77.8	3.36
34.3	1921	58.9	1.68
34.3	1921	54.1	4.21
34.3	1921	47	2.35
34.3	1922	41.8	6.32
34.3	1922	49.6	6.35
34.3	1922	52.1	10.06
34.3	1922	62.1	6.23
34.3	1922	68.1	7.34
34.3	1922	76.1	5.18
34.3	1922	77.7	4.89
34.3	1922	75.1	1.99
34.3	1922	73.6	0.99
34.3	1922	61.4	2.99
34.3	1922	52.2	1.2
34.3	1922	48.6	7.45
34.3	1923	46.7	4.16
34.3	1923	43.7	5.72
34.3	1923	51.7	7.44
34.3	1923	58.4	5.64
34.3	1923	65.3	8.7
34.3	1923	73.7	5.21
34.3	1923	75.9	3.81
34.3	1923	76.9	5.59
34.3	1923	72.3	1.9
34.3	1923	59.4	1.72
34.3	1923	48.2	4.51
34.3	1923	50	5
34.3	1924	37.7	5.94
34.3	1924	39	4.88
34.3	1924	47.5	2.4
34.3	1924	58.9	6.65
34.3	1924	63.7	5.06
34.3	1924	76.4	4.2
34.3	1924	76.2	4.29
34.3	1924	79	2.03
34.3	1924	67.7	8.96
34.3	1924	59.8	0
34.3	1924	51.4	1.06
34.3	1924	43.6	7.26
34.3	1925	41.8	9.73
34.3	1925	49	3.22
34.3	1925	53.7	2.44
34.3	1925	64.2	2.7
34.3	1925	66	1.08
34.3	1925	78.8	2.57
34.3	1925	79.7	2.68
34.3	1925	77.6	0.03
34.3	1925	79.5	2.51
34.3	1925	59.1	6.88
34.3	1925	47.8	4.28
34.3	1925	41	1.47
34.3	1926	41	7.36
34.3	1926	45.7	4.77
34.3	1926	45.2	5.38
34.3	1926	57.2	1.82
34.3	1926	67.3	1.37
34.3	1926	74.6	3.52
34.3	1926	76.8	5.37
34.3	1926	78.3	5.45
34.3	1926	75.7	3.67
34.3	1926	62.6	2.44
34.3	1926	47	4.4
34.3	1926	45.5	6.64
34.3	1927	43.7	1.02
34.3	1927	52.8	5.53
34.3	1927	52.6	5.32
34.3	1927	62.3	4.3
34.3	1927	69.7	2.21
34.3	1927	73.4	5.69
34.3	1927	76.7	5.52
34.3	1927	74.9	3.65
34.3	1927	73.6	1.58
34.3	1927	63.3	2.39
34.3	1927	55.1	2.82
34.3	1927	43	9.21
34.3	1928	41.8	1.5
34.3	1928	43.3	3.56
34.3	1928	50.9	5.88
34.3	1928	56.5	7.78
34.3	1928	65.5	4.86
34.3	1928	72.9	6.63
34.3	1928	77.7	5.81
34.3	1928	77.2	11.38
34.3	1928	68.9	5.56
34.3	1928	63.2	3.61
34.3	1928	49.8	1.87
34.3	1928	43.5	1.8
34.3	1929	43.7	5.1
34.3	1929	42.1	9.26
34.3	1929	54.7	11.46
34.3	1929	61.6	5.06
34.3	1929	67.6	7.23
34.3	1929	73.2	4.94
34.3	1929	76.8	3.63
34.3	1929	76.6	2.29
34.3	1929	70.7	8.1
34.3	1929	59	6.94
34.3	1929	51	7.62
34.3	1929	42.3	3.02
34.3	1930	42.3	4.39
34.3	1930	47.9	1.78
34.3	1930	47.9	4.24
34.3	1930	61.2	1.74
34.3	1930	69.5	2.82
34.3	1930	73.4	2.36
34.3	1930	80.3	4.56
34.3	1930	75.6	0.82
34.3	1930	73.9	5.77
34.3	1930	57.7	2.57
34.3	1930	48.7	6.25
34.3	1930	39.1	2.72
34.3	1931	42.5	2.91
34.3	1931	45.5	3.43
34.3	1931	46.1	3.48
34.3	1931	57.9	4.59
34.3	1931	65.4	3.19
34.3	1931	77.8	1.47
34.3	1931	80.6	5.36
34.3	1931	76.5	3.08
34.3	1931	76.1	1.27
34.3	1931	63.4	1.56
34.3	1931	57.1	1.69
34.3	1931	51	13.16
34.3	1932	50.7	6.65
34.3	1932	52.1	5.96
34.3	1932	48.2	5.59
34.3	1932	60.3	3.12
34.3	1932	67	3.98
34.3	1932	75.9	6.08
34.3	1932	80	3.76
34.3	1932	77.1	3.43
34.3	1932	71.2	3.3
34.3	1932	60.3	6.48
34.3	1932	47.5	4.98
34.3	1932	45.7	13.45
34.3	1933	49	2.57
34.3	1933	44	5.71
34.3	1933	51.2	3.19
34.3	1933	58.1	3.21
34.3	1933	72.1	4.72
34.3	1933	77.2	2.73
34.3	1933	76.8	3.45
34.3	1933	77.1	4.03
34.3	1933	76	1.7
34.3	1933	62.2	1.81
34.3	1933	50.2	1.26
34.3	1933	50.3	3.26
34.3	1934	44.5	2.98
34.3	1934	38.6	5.16
34.3	1934	48.9	6.16
34.3	1934	59	4.21
34.3	1934	67.8	4.14
34.3	1934	76.6	4.77
34.3	1934	79.4	5.84
34.3	1934	77.4	4.26
34.3	1934	71.9	2.95
34.3	1934	61.6	5.98
34.3	1934	52.4	2.23
34.3	1934	41.2	3.14
34.3	1935	44.3	3.47
34.3	1935	44.1	4.09
34.3	1935	56	5.02
34.3	1935	59.9	6.79
34.3	1935	68.1	3.68
34.3	1935	73.8	2.59
34.3	1935	77.6	5.49
34.3	1935	77.4	4.16
34.3	1935	71.1	1.68
34.3	1935	61.6	2.02
34.3	1935	53.5	5.03
34.3	1935	35.1	3.17
34.3	1936	37.1	12.53
34.3	1936	40.7	7.04
34.3	1936	54.4	5.04
34.3	1936	57.5	11.11
34.3	1936	70.8	0.66
34.3	1936	76.9	2.59
34.3	1936	79.8	3.22
34.3	1936	77.5	5.86
34.3	1936	73.7	5.25
34.3	1936	61.5	4.65
34.3	1936	49	1.74
34.3	1936	45.7	7.39
34.3	1937	51.3	9.29
34.3	1937	44.1	5.53
34.3	1937	50.3	2.74
34.3	1937	58	7.55
34.3	1937	68.9	2.21
34.3	1937	77.6	4.75
34.3	1937	77.9	2.51
34.3	1937	77.3	6.79
34.3	1937	69.9	0.89
34.3	1937	57.8	9.07
34.3	1937	46.6	1.24
34.3	1937	42	1.83
34.3	1938	42.5	2.54
34.3	1938	50.1	1.12
34.3	1938	57.1	5.47
34.3	1938	59.8	7.36
34.3	1938	68.9	3.69
34.3	1938	73.1	6.77
34.3	1938	77.2	9.73
34.3	1938	79.1	2.84
34.3	1938	71.9	1.99
34.3	1938	61.8	0.16
34.3	1938	52.9	4.05
34.3	1938	42.3	2.96
34.3	1939	43.6	5.54
34.3	1939	48.6	9.69
34.3	1939	54.1	4.87
34.3	1939	58.5	3.12
34.3	1939	66.9	4.01
34.3	1939	77.1	3.36
34.3	1939	77.9	4.25
34.3	1939	75.8	5.51
34.3	1939	74	2.71
34.3	1939	61.8	0.68
34.3	1939	49	0.54
34.3	1939	44.4	3.26
34.3	1940	30.1	4.78
34.3	1940	42	5.28
34.3	1940	49.1	5.29
34.3	1940	57.7	3.31
34.3	1940	65.6	2.42
34.3	1940	75	4.87
34.3	1940	75.5	5.87
34.3	1940	76.6	9.04
34.3	1940	69.6	1.03
34.3	1940	61.7	0.95
34.3	1940	49.9	3.96
34.3	1940	46.4	4.4
34.3	1941	42.9	2.42
34.3	1941	39.2	1.71
34.3	1941	45.6	5.04
34.3	1941	61.8	1.9
34.3	1941	69.9	0.76
34.3	1941	75.3	4.86
34.3	1941	77.8	8.69
34.3	1941	78.1	3.63
34.3	1941	74.3	1.19
34.3	1941	67.2	1.55
34.3	1941	50.3	2.41
34.3	1941	46	6.92
34.3	1942	41.1	3.52
34.3	1942	39.3	4.98
34.3	1942	50.7	8.51
34.3	1942	61.1	1.11
34.3	1942	67.9	6.76
34.3	1942	76.1	3.78
34.3	1942	78.3	5.02
34.3	1942	74.9	7.16
34.3	1942	70	4.88
34.3	1942	60.6	3.21
34.3	1942	52.5	1.78
34.3	1942	42.4	7.85
34.3	1943	44.7	6.38
34.3	1943	44.8	2.18
34.3	1943	49	7.49
34.3	1943	58.6	5.29
34.3	1943	69.3	3.12
34.3	1943	78.2	5.4
34.3	1943	77	5.77
34.3	1943	78.3	2.56
34.3	1943	68.8	3.51
34.3	1943	58.5	1.2
34.3	1943	48.7	2.21
34.3	1943	43.6	3.4
34.3	1944	42.8	3.86
34.3	1944	43.9	9.82
34.3	1944	51	9.66
34.3	1944	58.3	5.98
34.3	1944	69.4	3.04
34.3	1944	77.9	2.26
34.3	1944	76.3	2.67
34.3	1944	75.5	3.5
34.3	1944	72.1	3.66
34.3	1944	60.8	1.72
34.3	1944	49.2	3.16
34.3	1944	39.1	3.1
34.3	1945	42	3.35
34.3	1945	46.8	7.45
34.3	1945	59.5	3.6
34.3	1945	62.4	7.55
34.3	1945	64.9	3.33
34.3	1945	75.6	2.31
34.3	1945	77.7	6.12
34.3	1945	76.1	3.62
34.3	1945	73.9	5.21
34.3	1945	59.5	3.5
34.3	1945	51.5	3.27
34.3	1945	37.1	8.15
34.3	1946	43.1	9.86
34.3	1946	45.9	6.17
34.3	1946	57.2	7.52
34.3	1946	61.8	4.45
34.3	1946	66.6	6.5
34.3	1946	73.9	3.7
34.3	1946	76.6	3.25
34.3	1946	76.1	2.37
34.3	1946	70.1	3.39
34.3	1946	61.2	4.07
34.3	1946	56.4	2.56
34.3	1946	47.4	2.02
34.3	1947	45.7	9.81
34.3	1947	37.6	2.17
34.3	1947	44	5.66
34.3	1947	62.4	4.8
34.3	1947	66.7	4.1
34.3	1947	73.4	4.86
34.3	1947	74.5	1.58
34.3	1947	77.9	3.44
34.3	1947	73.4	1.57
34.3	1947	64.4	4.17
34.3	1947	47.7	7.52
34.3	1947	43.3	3.97
34.3	1948	36.8	3.78
34.3	1948	46.6	7.03
34.3	1948	55.2	8.53
34.3	1948	63.6	2.45
34.3	1948	68.1	5.33
34.3	1948	75.6	3.86
34.3	1948	77.6	7.56
34.3	1948	75.3	5.12
34.3	1948	69.9	2.98
34.3	1948	57.8	1.03
34.3	1948	53.7	14.29
34.3	1948	46.1	4.47
34.3	1949	50.5	5.38
34.3	1949	49.6	6.05
34.3	1949	50.6	4.02
34.3	1949	57	6.21
34.3	1949	68.9	3.49
34.3	1949	74.3	4.4
34.3	1949	78.6	5.99
34.3	1949	76.1	5.76
34.3	1949	68.6	4.07
34.3	1949	65.2	4.71
34.3	1949	48.4	1.34
34.3	1949	44.5	3.51
34.3	1950	53.5	3.44
34.3	1950	48.4	3.07
34.3	1950	48.3	5.38
34.3	1950	57	1.3
34.3	1950	70.5	4.83
34.3	1950	75.2	4.07
34.3	1950	75.7	6.3
34.3	1950	74.8	3.81
34.3	1950	69.6	3.35
34.3	1950	64.2	4.9
34.3	1950	46	0.75
34.3	1950	38.7	3.63
34.3	1951	42.9	2.34
34.3	1951	45.7	6.11
34.3	1951	51.6	6.39
34.3	1951	58.4	4.76
34.3	1951	67.4	1.07
34.3	1951	75.5	6.54
34.3	1951	77.9	5.69
34.3	1951	79.5	0.86
34.3	1951	72.7	5.13
34.3	1951	63.4	2.44
34.3	1951	45.9	2.94
34.3	1951	44.9	8.5
34.3	1952	48.4	3.88
34.3	1952	47.1	3.77
34.3	1952	50.2	11.1
34.3	1952	59.4	3
34.3	1952	69	3.34
34.3	1952	79.8	3.22
34.3	1952	80.4	1.46
34.3	1952	76.7	6.63
34.3	1952	69.4	2.22
34.3	1952	56.9	0.79
34.3	1952	50.5	2.86
34.3	1952	42.1	5.19
34.3	1953	45.6	6.7
34.3	1953	46.1	6.46
34.3	1953	53.1	3.65
34.3	1953	58.1	4.18
34.3	1953	71.6	4.43
34.3	1953	77.1	3.75
34.3	1953	77.6	5.15
34.3	1953	77.2	1.49
34.3	1953	70.4	6.58
34.3	1953	62.2	0.44
34.3	1953	50.6	1.64
34.3	1953	42	8.32
34.3	1954	43.7	6.08
34.3	1954	47.8	2.51
34.3	1954	50.9	4.35
34.3	1954	64.2	3
34.3	1954	62.6	2.66
34.3	1954	75.2	3.35
34.3	1954	79.9	4.11
34.3	1954	79.4	2.57
34.3	1954	74.8	0.66
34.3	1954	62.5	0.41
34.3	1954	46.8	4.31
34.3	1954	41.4	4.12
34.3	1955	41.2	4.47
34.3	1955	45.1	5.69
34.3	1955	53.4	3.73
34.3	1955	63.6	3.82
34.3	1955	70.1	4.7
34.3	1955	70.3	2.32
34.3	1955	77.9	5.58
34.3	1955	78.3	2.66
34.3	1955	73.1	1.19
34.3	1955	59.2	2.26
34.3	1955	48.8	3.57
34.3	1955	41.3	1.66
34.3	1956	40.2	2.17
34.3	1956	48.5	7.5
34.3	1956	51.2	5.86
34.3	1956	57.9	6.11
34.3	1956	69.4	2.94
34.3	1956	74.3	2.18
34.3	1956	77.1	7.01
34.3	1956	77.5	1.8
34.3	1956	69	5.7
34.3	1956	61.9	2.87
34.3	1956	47.7	2.14
34.3	1956	51.4	5.06
34.3	1957	43.6	6.12
34.3	1957	50.8	4.87
34.3	1957	49.1	3.8
34.3	1957	61.4	6.92
34.3	1957	68	3.91
34.3	1957	75.1	4.28
34.3	1957	76.6	2.22
34.3	1957	75.8	2.15
34.3	1957	71.6	5.66
34.3	1957	56.2	4.82
34.3	1957	51	8.45
34.3	1957	43.3	4.36
34.3	1958	36.2	3.52
34.3	1958	34.8	4.95
34.3	1958	46.8	5.06
34.3	1958	58.6	5.19
34.3	1958	67.8	3.39
34.3	1958	74.7	1.89
34.3	1958	76.8	8.7
34.3	1958	76.2	3.32
34.3	1958	70.1	2.68
34.3	1958	58.7	1.67
34.3	1958	53.7	2.08
34.3	1958	39.9	2.61
34.3	1959	39.8	4.01
34.3	1959	45.5	4.35
34.3	1959	48.3	5.71
34.3	1959	60	4
34.3	1959	69.3	7.32
34.3	1959	73.5	2.83
34.3	1959	76.7	5.86
34.3	1959	78	2.87
34.3	1959	70.5	4.73
34.3	1959	62.3	7.5
34.3	1959	48.4	2.3
34.3	1959	43.8	3.29
34.3	1960	41.8	7.68
34.3	1960	40.9	5.54
34.3	1960	38.7	5.08
34.3	1960	60.2	3.14
34.3	1960	64.1	1.83
34.3	1960	73.5	2.66
34.3	1960	77	4.89
34.3	1960	76.5	5.67
34.3	1960	70.7	5.73
34.3	1960	61.9	3.13
34.3	1960	49.9	1.51
34.3	1960	37.9	2.53
34.3	1961	36.9	2.79
34.3	1961	46.8	10.99
34.3	1961	52.5	6.04
34.3	1961	53.3	5.54
34.3	1961	62.8	3.67
34.3	1961	70.8	7.15
34.3	1961	74.5	5.72
34.3	1961	74.1	6.26
34.3	1961	71.1	1.82
34.3	1961	58.5	0.69
34.3	1961	53.7	3.36
34.3	1961	41.8	10.9
34.3	1962	39.6	5.86
34.3	1962	48.3	5.69
34.3	1962	46.5	5.87
34.3	1962	55.2	6.42
34.3	1962	72.4	1.02
34.3	1962	73.7	4.31
34.3	1962	76.7	4.61
34.3	1962	75.7	3.39
34.3	1962	69.1	4.65
34.3	1962	61	2.53
34.3	1962	47.9	5.5
34.3	1962	38.5	3.25
34.3	1963	35.6	5.4
34.3	1963	37.4	3.02
34.3	1963	53.4	8.2
34.3	1963	60.9	7.56
34.3	1963	66.2	4.69
34.3	1963	72	10.49
34.3	1963	74.4	5.56
34.3	1963	75.8	1.8
34.3	1963	69.2	5.56
34.3	1963	61.9	0
34.3	1963	50	4.95
34.3	1963	34.4	4.59
34.3	1964	39.4	8.44
34.3	1964	38.2	5.28
34.3	1964	48.9	11.5
34.3	1964	59	10.17
34.3	1964	67.8	3.27
34.3	1964	75.5	2.88
34.3	1964	74.9	8.29
34.3	1964	74.2	4.53
34.3	1964	70.4	3.07
34.3	1964	56.1	7.78
34.3	1964	53.3	3.12
34.3	1964	44.5	5.12
34.3	1965	41.9	3.27
34.3	1965	42	5.08
34.3	1965	47.4	7.47
34.3	1965	61.6	4.47
34.3	1965	69.8	2.75
34.3	1965	71.2	5.72
34.3	1965	75.9	3.9
34.3	1965	75.8	1.93
34.3	1965	70.7	3.42
34.3	1965	57.6	4.33
34.3	1965	52.1	2.55
34.3	1965	43.3	1.07
34.3	1966	36.3	6.12
34.3	1966	41.8	8.43
34.3	1966	48.4	5.3
34.3	1966	57.9	6.32
34.3	1966	65.3	8.28
34.3	1966	71.2	2.26
34.3	1966	77.1	3.17
34.3	1966	74.5	3.87
34.3	1966	68.6	3.38
34.3	1966	57.1	5.74
34.3	1966	50.5	4.07
34.3	1966	41.9	4.41
34.3	1967	42.5	4.56
34.3	1967	40.1	4.55
34.3	1967	54.3	2.93
34.3	1967	62.2	4.31
34.3	1967	63.8	6
34.3	1967	70.8	6.6
34.3	1967	72.6	9.14
34.3	1967	72.3	9.78
34.3	1967	65.1	2.07
34.3	1967	57.3	3.16
34.3	1967	46	6.53
34.3	1967	45.9	7.18
34.3	1968	37.8	5.55
34.3	1968	36.6	1.52
34.3	1968	49.6	5.15
34.3	1968	59.1	5.61
34.3	1968	64.1	5.29
34.3	1968	72.6	3.63
34.3	1968	75.9	5.82
34.3	1968	77.1	2.24
34.3	1968	67.8	3.85
34.3	1968	59.3	2.58
34.3	1968	48	5.91
34.3	1968	38	5.61
34.3	1969	38.5	5.15
34.3	1969	41.3	4.87
34.3	1969	44.2	4.54
34.3	1969	59.6	6.25
34.3	1969	65.9	4.58
34.3	1969	74.9	2.86
34.3	1969	78.9	3.19
34.3	1969	73.4	9.35
34.3	1969	68.2	4.97
34.3	1969	60	1.73
34.3	1969	47.4	3.56
34.3	1969	39.1	4.54
34.3	1970	33.8	3.16
34.3	1970	41.3	2.38
34.3	1970	50	6.05
34.3	1970	61	3.74
34.3	1970	67.2	3.5
34.3	1970	72.2	4
34.3	1970	76.8	4.71
34.3	1970	76.4	3.69
34.3	1970	74	3.62
34.3	1970	61.7	7.17
34.3	1970	47.4	2.17
34.3	1970	45.3	3.15
34.3	1971	40.7	5.77
34.3	1971	41.1	6.63
34.3	1971	45.1	7.5
34.3	1971	58	3.93
34.3	1971	63.5	2.85
34.3	1971	74.5	3.84
34.3	1971	74.6	7.53
34.3	1971	74.4	5.11
34.3	1971	71.5	4.2
34.3	1971	64.4	2.7
34.3	1971	48.8	4.06
34.3	1971	49.8	5.83
34.3	1972	44.7	8.88
34.3	1972	40.7	3.52
34.3	1972	50.4	5.24
34.3	1972	58.6	2.32
34.3	1972	63.9	6.93
34.3	1972	69.5	4.89
34.3	1972	74.6	5.47
34.3	1972	75.4	2.73
34.3	1972	72.1	2.6
34.3	1972	58.4	3.94
34.3	1972	48.3	5.15
34.3	1972	46.7	8.52
34.3	1973	40.2	5.62
34.3	1973	40.9	3.81
34.3	1973	55	9.16
34.3	1973	55.6	5.92
34.3	1973	62.7	8.63
34.3	1973	73.2	5.84
34.3	1973	76.4	3.36
34.3	1973	74.9	3.15
34.3	1973	72.6	5.3
34.3	1973	61.7	1.59
34.3	1973	53	3.61
34.3	1973	42.3	6.75
34.3	1974	51.2	8.08
34.3	1974	44.3	6.01
34.3	1974	55.5	3.06
34.3	1974	58.2	5.35
34.3	1974	67.4	6.17
34.3	1974	69	3.41
34.3	1974	75	5.38
34.3	1974	74.1	6.91
34.3	1974	67.5	1.78
34.3	1974	57.1	1.11
34.3	1974	49.2	3.68
34.3	1974	42.2	6.17
34.3	1975	44.9	5.87
34.3	1975	46.2	8.35
34.3	1975	47.9	9.42
34.3	1975	57.6	2.2
34.3	1975	69	6.77
34.3	1975	72.1	4.45
34.3	1975	74.8	5.12
34.3	1975	75.5	3.57
34.3	1975	67.9	7.06
34.3	1975	61.3	5.36
34.3	1975	51.5	4.23
34.3	1975	42	4.1
34.3	1976	36.5	5.51
34.3	1976	49	2.42
34.3	1976	54.3	10.91
34.3	1976	58.9	1.07
34.3	1976	62.5	11.22
34.3	1976	71	4.6
34.3	1976	74.4	4.34
34.3	1976	74.5	2.64
34.3	1976	67.6	2.13
34.3	1976	55.2	5.32
34.3	1976	43.5	3.68
34.3	1976	39	5.52
34.3	1977	28.7	4.68
34.3	1977	41	2.59
34.3	1977	53.6	10.28
34.3	1977	61.8	4.25
34.3	1977	68	2.76
34.3	1977	74.7	2.32
34.3	1977	78.5	3.36
34.3	1977	76.3	4.58
34.3	1977	71.9	5.85
34.3	1977	56.7	7.63
34.3	1977	52.6	7.27
34.3	1977	41.1	4.07
34.3	1978	32.3	8.25
34.3	1978	36.5	0.94
34.3	1978	48.4	3.63
34.3	1978	60.4	3.38
34.3	1978	65.7	5.15
34.3	1978	75	2.66
34.3	1978	77.7	4.03
34.3	1978	76.3	7.86
34.3	1978	73	0.9
34.3	1978	59	0.77
34.3	1978	55.5	3.31
34.3	1978	43.6	4.88
34.3	1979	36	7.29
34.3	1979	39.5	6.12
34.3	1979	52.7	5.15
34.3	1979	59.3	11.03
34.3	1979	66.5	4.36
34.3	1979	71.8	2.66
34.3	1979	74.7	6.08
34.3	1979	76.1	4.47
34.3	1979	69.5	5.75
34.3	1979	58.6	2.9
34.3	1979	52.3	5.87
34.3	1979	43.8	1.29
34.3	1980	42.6	6.56
34.3	1980	38.9	2.58
34.3	1980	48	13.73
34.3	1980	58.2	3.39
34.3	1980	66.7	6.82
34.3	1980	73.6	4.42
34.3	1980	80	1.49
34.3	1980	79	1.62
34.3	1980	73.8	6.5
34.3	1980	57.4	2.96
34.3	1980	49	2.29
34.3	1980	42.8	1.12
34.3	1981	36.9	0.92
34.3	1981	43.1	6.59
34.3	1981	48.6	3.49
34.3	1981	64	2.33
34.3	1981	63.7	3.92
34.3	1981	77.5	3.1
34.3	1981	78.8	2.07
34.3	1981	74	2.51
34.3	1981	68.6	2.91
34.3	1981	57.4	3.04
34.3	1981	50.9	2.04
34.3	1981	37.9	6.15
34.3	1982	36.6	6.79
34.3	1982	45.7	8.37
34.3	1982	53.7	2.81
34.3	1982	56.1	6.33
34.3	1982	69.2	3.17
34.3	1982	73.4	4.14
34.3	1982	77.1	5.07
34.3	1982	74.5	4.53
34.3	1982	68.1	2.89
34.3	1982	59.8	5.38
34.3	1982	51.6	5.4
34.3	1982	48.3	6.81
34.3	1983	39	3.1
34.3	1983	43.2	5.47
34.3	1983	50.1	6.8
34.3	1983	54.1	5.6
34.3	1983	65.7	4.18
34.3	1983	71.2	3.39
34.3	1983	78.8	1.39
34.3	1983	79.1	2.08
34.3	1983	68.2	6.67
34.3	1983	60	3.15
34.3	1983	49.9	7.27
34.3	1983	38.7	10.09
34.3	1984	38.7	4.52
34.3	1984	44.9	5.83
34.3	1984	49.8	5.73
34.3	1984	56.1	6.08
34.3	1984	64.7	6.48
34.3	1984	75	2.62
34.3	1984	74.5	10.93
34.3	1984	75.2	4.15
34.3	1984	68.4	0.33
34.3	1984	66.2	2.61
34.3	1984	47.8	3.11
34.3	1984	51.1	3.12
34.3	1985	34.6	4.23
34.3	1985	42.8	5.89
34.3	1985	54.1	1.41
34.3	1985	61	2.71
34.3	1985	66.8	4.1
34.3	1985	74.4	3.49
34.3	1985	75.8	7.81
34.3	1985	74.6	4.92
34.3	1985	68.8	1.22
34.3	1985	64.3	4.32
34.3	1985	59.8	4.88
34.3	1985	39.2	1.73
34.3	1986	39.9	1.49
34.3	1986	48.2	1.91
34.3	1986	51.7	3.51
34.3	1986	61.1	1.18
34.3	1986	68	3.48
34.3	1986	76.7	1.41
34.3	1986	81.4	2.01
34.3	1986	76	4.4
34.3	1986	71.5	3.8
34.3	1986	61.1	7.36
34.3	1986	55.3	6.26
34.3	1986	43.3	4.37
34.3	1987	39.5	6.35
34.3	1987	43.5	5.5
34.3	1987	50.9	4.86
34.3	1987	56.6	1.75
34.3	1987	70.4	2.98
34.3	1987	75.1	4.4
34.3	1987	78.6	3.49
34.3	1987	79.1	2.35
34.3	1987	70.6	3.21
34.3	1987	54.9	0.57
34.3	1987	52.6	3.38
34.3	1987	45.7	4.23
34.3	1988	36.4	5.4
34.3	1988	42.4	2.78
34.3	1988	51.5	2.54
34.3	1988	59.8	5.16
34.3	1988	65.6	1.35
34.3	1988	74.8	1.62
34.3	1988	76.7	4.7
34.3	1988	78.2	4.06
34.3	1988	70.5	6.16
34.3	1988	55.6	4.1
34.3	1988	51.7	4.21
34.3	1988	43.5	1.7
34.3	1989	46.1	4.1
34.3	1989	45.6	5.48
34.3	1989	54.4	4.51
34.3	1989	58.7	4.25
34.3	1989	64.2	5.54
34.3	1989	73.6	9.83
34.3	1989	76.8	8.1
34.3	1989	76	2.69
34.3	1989	70.1	8.81
34.3	1989	60.6	4.83
34.3	1989	51	4.64
34.3	1989	36.1	4.55
34.3	1990	47	7.73
34.3	1990	51.1	8.74
34.3	1990	54.7	9.51
34.3	1990	58.6	2.46
34.3	1990	66.9	4.11
34.3	1990	74.8	1.18
34.3	1990	77.9	5.83
34.3	1990	77.8	4.09
34.3	1990	71.7	4.99
34.3	1990	61.4	5.68
34.3	1990	54	1.77
34.3	1990	47.1	4.82
34.3	1991	42.1	5.73
34.3	1991	46.5	3.97
34.3	1991	53.4	7.28
34.3	1991	61.9	5.97
34.3	1991	70	6.18
34.3	1991	73.8	6.4
34.3	1991	78.1	5.1
34.3	1991	75.4	6.29
34.3	1991	70.8	2.54
34.3	1991	60.9	0.41
34.3	1991	48.3	3.69
34.3	1991	46.5	4.43
34.3	1992	42.8	3.9
34.3	1992	48.5	5.73
34.3	1992	50.8	5.81
34.3	1992	58.1	1.75
34.3	1992	64	2.17
34.3	1992	71.2	5.09
34.3	1992	77.2	5.94
34.3	1992	73.3	8.15
34.3	1992	70.6	6.65
34.3	1992	58.2	3.81
34.3	1992	49.5	9.62
34.3	1992	42.2	7.57
34.3	1993	45.5	6.54
34.3	1993	42.1	4.51
34.3	1993	47.5	6.56
34.3	1993	55.8	3.47
34.3	1993	66.9	3.87
34.3	1993	75.3	2.92
34.3	1993	81.7	1.37
34.3	1993	77.9	3.07
34.3	1993	72.3	3.07
34.3	1993	59.3	3.77
34.3	1993	50.8	4.46
34.3	1993	42.6	4.04
34.3	1994	36.5	5.72
34.3	1994	45.8	4.77
34.3	1994	52.6	8.28
34.3	1994	61.6	4.4
34.3	1994	64.2	2.75
34.3	1994	75.2	9.13
34.3	1994	75.3	7.62
34.3	1994	74.3	6.83
34.3	1994	69	4.28
34.3	1994	59.7	6.12
34.3	1994	54.1	3.19
34.3	1994	47	2.46
34.3	1995	42.2	5.02
34.3	1995	42.3	6.64
34.3	1995	54.3	3.66
34.3	1995	60.2	2.93
34.3	1995	68.3	2.98
34.3	1995	71.8	6.54
34.3	1995	78.7	2.3
34.3	1995	78.4	7.76
34.3	1995	68.7	2.85
34.3	1995	60	9.14
34.3	1995	46.4	6.64
34.3	1995	41.1	3.06
34.3	1996	38.1	9.97
34.3	1996	43.1	3.76
34.3	1996	46	9.19
34.3	1996	56.8	4.63
34.3	1996	69.1	3.42
34.3	1996	73.7	4.05
34.3	1996	77.1	3.5
34.3	1996	75.3	4.38
34.3	1996	69.1	5.35
34.3	1996	59.5	1.33
34.3	1996	47.6	4.02
34.3	1996	44.8	4.51
34.3	1997	43	6.02
34.3	1997	47.1	6.5
34.3	1997	57.5	4.49
34.3	1997	55.4	5.14
34.3	1997	62.3	4.28
34.3	1997	70.2	5.28
34.3	1997	77.5	5.48
34.3	1997	74.3	1.78
34.3	1997	70.5	6.4
34.3	1997	60.2	6.66
34.3	1997	46.2	4.11
34.3	1997	42.4	4.83
34.3	1998	44.9	7.02
34.3	1998	46.4	8.52
34.3	1998	49.5	5.2
34.3	1998	57.8	9.76
34.3	1998	70.4	3.63
34.3	1998	76.8	3.4
34.3	1998	79.6	2.51
34.3	1998	76.6	4.99
34.3	1998	73.5	2.82
34.3	1998	63.2	1.68
34.3	1998	54.6	3.5
34.3	1998	48.5	3.67
34.3	1999	45	6.31
34.3	1999	46.7	4.56
34.3	1999	48.4	2.97
34.3	1999	62.4	2.88
34.3	1999	65.7	4.13
34.3	1999	72.8	5.52
34.3	1999	77.6	4.45
34.3	1999	78.2	2.66
34.3	1999	69	2.88
34.3	1999	59.6	4.73
34.3	1999	54.5	3.94
34.3	1999	43.8	2.51
34.3	2000	41.3	5.43
34.3	2000	47.2	2.12
34.3	2000	53.9	5.24
34.3	2000	56.6	4.76
34.3	2000	69.3	2.22
34.3	2000	73.9	3.55
34.3	2000	77.4	2.81
34.3	2000	75.9	4.36
34.3	2000	68.4	5.8
34.3	2000	60.7	0.44
34.3	2000	48.8	5.46
34.3	2000	35.1	3.09
34.3	2001	39.3	4.67
34.3	2001	47.8	3.49
34.3	2001	48.2	7.92
34.3	2001	60.5	2.04
34.3	2001	66.1	4.26
34.3	2001	71.3	7.44
34.3	2001	75.5	6.85
34.3	2001	75.5	2.61
34.3	2001	67.3	3.73
34.3	2001	57	1.59
34.3	2001	56	1.52
34.3	2001	48	2.94
34.3	2002	42.5	6.08
34.3	2002	43.6	2.25
34.3	2002	51.1	6.77
34.3	2002	62.6	2.01
34.3	2002	64.2	4.95
34.3	2002	73.2	3.15
34.3	2002	77.9	3.91
34.3	2002	77.3	2.45
34.3	2002	72.5	7.9
34.3	2002	63.1	5.21
34.3	2002	47.3	6.21
34.3	2002	41.7	7.34
34.3	2003	37.3	2.87
34.3	2003	43.3	6.1
34.3	2003	54	5.54
34.3	2003	58.2	4.93
34.3	2003	65.7	8.98
34.3	2003	71.1	7.28
34.3	2003	74.7	8.95
34.3	2003	76.3	4.51
34.3	2003	68.6	3.56
34.3	2003	59.1	2.22
34.3	2003	55.4	5.26
34.3	2003	40.3	3.47
34.3	2004	40.3	2.99
34.3	2004	41.3	4.53
34.3	2004	54.9	1.97
34.3	2004	58.4	2.56
34.3	2004	69.6	3.75
34.3	2004	73.6	6.33
34.3	2004	76	4
34.3	2004	73.2	4.27
34.3	2004	68.7	12.57
34.3	2004	62.8	1.82
34.3	2004	53.4	7.33
34.3	2004	41.7	5.15
34.3	2005	44.7	2.57
34.3	2005	44.9	5.9
34.3	2005	48.7	6.32
34.3	2005	57.1	4.96
34.3	2005	63.1	2.78
34.3	2005	71.9	7.71
34.3	2005	77	10.44
34.3	2005	76.6	8.51
34.3	2005	72.3	0.62
34.3	2005	61.4	3.14
34.3	2005	51.7	3.8
34.3	2005	39.7	5.24
34.3	2006	46.3	5.6
34.3	2006	41.4	3.92
34.3	2006	51.3	2.94
34.3	2006	63.1	3.43
34.3	2006	64.9	2.77
34.3	2006	73.2	4.37
34.3	2006	77.6	3.15
34.3	2006	78.1	4.34
34.3	2006	67.8	5.27
34.3	2006	57.2	5.3
34.3	2006	50.1	4.63
34.3	2006	46.8	3.22
34.3	2007	43.4	5.37
34.3	2007	40.6	2.62
34.3	2007	56.4	3.07
34.3	2007	56.1	2.18
34.3	2007	66.4	1.38
34.3	2007	74.5	2.8
34.3	2007	74.4	3.92
34.3	2007	80.7	2.06
34.3	2007	72.3	1.61
34.3	2007	62.6	2.48
34.3	2007	49.1	2.33
34.3	2007	47.3	5.08
34.3	2008	39.1	2.74
34.3	2008	45	5.48
34.3	2008	50.1	5.79
34.3	2008	58.1	3.42
34.3	2008	65	3.45
34.3	2008	75.3	2.05
34.3	2008	75.7	4.83
34.3	2008	75.3	6.64
34.3	2008	70.1	0.88
34.3	2008	57.8	3.88
34.3	2008	46.7	2.51
34.3	2008	44.9	6.51
34.3	2009	40	4.92
34.3	2009	43	3.5
34.3	2009	51.1	6.87
34.3	2009	56.9	4.76
34.3	2009	66.8	5.64
34.3	2009	75.6	2.06
34.3	2009	74.3	3.34
34.3	2009	75.5	5.05
34.3	2009	69.3	12.22
34.3	2009	57.2	9.47
34.3	2009	52.1	6.32
34.3	2009	40.1	9.07
34.3	2010	35.9	5.88
34.3	2010	36.6	4.63
34.3	2010	47.4	4.24
34.3	2010	60.9	3.54
34.3	2010	69	5.28
34.3	2010	77.6	5.44
34.3	2010	78.8	3.71
34.3	2010	79.1	6.76
34.3	2010	72.5	4.79
34.3	2010	60.3	2.82
34.3	2010	50.5	3.36
34.3	2010	34.4	3.62
34.3	2011	37.8	2.83
34.3	2011	46.2	3.46
34.3	2011	53.1	9.29
34.3	2011	61.4	5.34
34.3	2011	66.9	2.09
34.3	2011	77	3.81
34.3	2011	79.5	3.92
34.3	2011	78.5	1.98
34.3	2011	69.3	3.8
34.3	2011	57.8	2.56
34.3	2011	51.3	5.02
34.3	2011	46.4	4.91